file,problem,planning_time,singlesoutcome_planning_call,alloutcome_planning_call,unsolvable_states,solvable,policy_length,plan_length
p01.pddl,beam-walk-4,0.862,8,4,0,1,8,7
p02.pddl,beam-walk-8,1.729,16,8,0,1,16,15
p03.pddl,beam-walk-16,3.464,32,16,0,1,32,31
p04.pddl,beam-walk-32,7.032,64,32,0,1,64,63
p05.pddl,beam-walk-64,14.417,128,64,0,1,128,127
p06.pddl,beam-walk-128,30.517,256,128,0,1,256,255
p07.pddl,beam-walk-256,71.405,512,256,0,1,512,511
p08.pddl,beam-walk-512,228.576,1024,512,0,1,1024,1023
p09.pddl,beam-walk-1024,1534.720,2048,1024,0,1,2048,2047
